-0.12797299454166433
-0.12797140370936494
-0.12796663129298608
-0.12795867753407558
-0.12794754283517987
-0.1279332277597947
-0.12791573303229511
-0.12789505953784608
-0.12787120832229346
-0.12784418059203492
-0.12781397771387082
-0.12778060121483584
-0.1277440527820107
-0.12770433426231428
-0.12766144766227577
-0.127615395147788
-0.1275661790438402
-0.12751380183423275
-0.12745826616127096
-0.1273995748254409
-0.12733773078506497
-0.12727273715593918
-0.12720459721095054
-0.1271333143796763
-0.12705889224796357
-0.12698133455749033
-0.12690064520530833
-0.12681682824336635
-0.12672988787801592
-0.12663982846949826
-0.12654665453141276
-0.12645037073016765
-0.1263509818844127
-0.12624849296445373
-0.12614290909164952
-0.12603423553779122
-0.12592247772446402
-0.12580764122239166
-0.12568973175076384
-0.12556875517654617
-0.12544471751377395
-0.1253176249228283
-0.12518748370969668
-0.12505430032521606
-0.12491808136430085
-0.12477883356515379
-0.12463656380846165
-0.12449127911657476
-0.12434298665267154
-0.12419169371990689
-0.12403740776054617
-0.12388013635508376
-0.12371988722134707
-0.12355666821358564
-0.12339048732154638
-0.12322135266953363
-0.12304927251545668
-0.12287425524986217
-0.12269630939495361
-0.12251544360359713
-0.12233166665831469
-0.12214498747026342
-0.12195541507820315
-0.1217629586474508
-0.12156762746882283
-0.12136943095756507
-0.1211683786522718
-0.12096448021379182
-0.12075774542412442
-0.12054818418530287
-0.12033580651826842
-0.12012062256173235
-0.11990264257102817
-0.11968187691695366
-0.11945833608460234
-0.11923203067218605
-0.11900297138984678
-0.11877116905846079
-0.11853663460843218
-0.11829937907847857
-0.11805941361440792
-0.11781674946788685
-0.1175713979952016
-0.11732337065600996
-0.11707267901208686
-0.11681933472606176
-0.11656334956014908
-0.11630473537487246
-0.11604350412778122
-0.11577966787216155
-0.11551323875574089
-0.1152442290193869
-0.11497265099580022
-0.11469851710820268
-0.11442183986901948
-0.11414263187855718
-0.11386090582367663
-0.11357667447646173
-0.11328995069288385
-0.11300074741146231
-0.11270907765192163
-0.11241495451384471
-0.11211839117532324
-0.1118194008916051
-0.11151799699373892
-0.11121419288721618
-0.11090800205061144
-0.1105994380342199
-0.1102885144586938
-0.10997524501367718
-0.10965964345643887
-0.10934172361050527
-0.1090214993642914
-0.10869898466973205
-0.10837419354091213
-0.10804714005269703
-0.1077178383393632
-0.10738630259322864
-0.10705254706328446
-0.1067165860538265
-0.10637843392308861
-0.10603810508187655
-0.10569561399220379
-0.10535097516592831
-0.10500420316339171
-0.10465531259206028
-0.10430431810516799
-0.10395123440036216
-0.10359607621835197
-0.10323885834155908
-0.10287959559277234
-0.10251830283380466
-0.10215499496415414
-0.10178968691966847
-0.10142239367121272
-0.10105313022334228
-0.10068191161297853
-0.10030875290809009
-0.09993366920637799
-0.09955667563396538
-0.09917778734409297
-0.0987970195158185
-0.09841438735272227
-0.09802990608161759
-0.09764359095126691
-0.09725545723110392
-0.0968655202099611
-0.09647379519480376
-0.09608029750946982
-0.09568504249341654
-0.09528804550047314
-0.09488932189760034
-0.0944888870636568
-0.0940867563881724
-0.0936829452701284
-0.09327746911674506
-0.09287034334227659
-0.09246158336681336
-0.09205120461509184
-0.09163922251531235
-0.09122565249796458
-0.09081050999466075
-0.09039381043697749
-0.08997556925530546
-0.08955580187770726
-0.08913452372878396
-0.08871175022855013
-0.08828749679131716
-0.08786177882458583
-0.08743461172794717
-0.08700601089199264
-0.08657599169723296
-0.0861445695130264
-0.08571175969651593
-0.08527757759157568
-0.08484203852776685
-0.08440515781930308
-0.08396695076402517
-0.08352743264238523
-0.08308661871644094
-0.08264452422885887
-0.08220116440192823
-0.08175655443658386
-0.08131070951143966
-0.08086364478183118
-0.08041537537886921
-0.07996591640850258
-0.07951528295059142
-0.07906349005799064
-0.07861055275564333
-0.07815648603968443
-0.07770130487655517
-0.0772450242021269
-0.07678765892083608
-0.07632922390482921
-0.07586973399311815
-0.07540920399074634
-0.07494764866796459
-0.07448508275941818
-0.07402152096334409
-0.07355697794077863
-0.07309146831477588
-0.07262500666963641
-0.07215760755014655
-0.07168928546082859
-0.07122005486520094
-0.07074993018504931
-0.07027892579970835
-0.06980705604535378
-0.06933433521430506
-0.06886077755433881
-0.06838639726801245
-0.06791120851199882
-0.06743522539643103
-0.06695846198425767
-0.06648093229060921
-0.06600265028217406
-0.06552362987658569
-0.06504388494181997
-0.06456342929560287
-0.064082276704829
-0.0636004408849898
-0.06311793549961286
-0.06263477415971119
-0.062150970423242594
-0.06166653779457983
-0.061181489723990526
-0.06069583960712775
-0.060209600784530255
-0.05972278654113338
-0.05923541010578944
-0.058747484650798924
-0.05825902329145092
-0.0577700390855741
-0.057280545033097326
-0.05679055407562023
-0.05630007909599355
-0.05580913291790951
-0.05531772830550147
-0.05482587796295365
-0.054333594534120525
-0.05384089060215532
-0.053347778689148556
-0.05285427125577584
-0.052360380700955056
-0.05186611936151276
-0.05137149951186051
-0.05087653336367951
-0.050381233065615094
-0.049885610702980254
-0.04938967829746794
-0.04889344780687261
-0.04839693112482045
-0.04790014008050893
-0.047403086438454686
-0.0469057818982503
-0.04640823809432979
-0.045910466595742716
-0.04541247890593683
-0.0449142864625489
-0.04441590063720433
-0.043917332735325144
-0.04341859399594558
-0.042919695591536786
-0.04242064862783866
-0.041921464143700626
-0.04142215311092992
-0.04092272643414765
-0.040423194950652934
-0.03992356943029486
-0.039423860575351674
-0.03892407902041826
-0.038424235332300404
-0.03792434000991697
-0.03742440348420933
-0.03692443611805831
-0.03642444820620774
-0.035924449975195887
-0.03542445158329351
-0.034924463120449056
-0.034424494608240715
-0.033924555999835404
-0.033424657179954465
-0.03292480796484585
-0.03242501810226341
-0.03192529727145231
-0.03142565508314091
-0.030926101079539154
-0.030426644734343304
-0.029927295452746843
-0.029428062571457272
-0.028928955358719505
-0.02842998301434475
-0.027931154669745533
-0.02743247938797665
-0.026933966163781606
-0.026435623923645065
-0.02593746152585048
-0.025439487760543875
-0.024941711349802376
-0.024444140947708536
-0.02394678514043014
-0.02344965244630454
-0.022952751315929002
-0.022456090132255364
-0.02195967721069017
-0.021463520799199776
-0.02096762907841959
-0.020472010161769357
-0.0199766720955717
-0.01948162285917637
-0.018986870365088542
-0.0184924224591018
-0.017998286920435473
-0.017504471461875913
-0.017010983729922973
-0.01651783130493966
-0.016025021701306534
-0.015532562367579883
-0.015040460686653937
-0.014548723975927236
-0.014057359487472216
-0.013566374408209365
-0.013075775860084314
-0.012585570900249147
-0.012095766521246847
-0.01160636965119956
-0.011117387154000052
-0.010628825829506668
-0.010140692413741492
-0.009652993579091657
-0.009165735934514205
-0.0086789260257435
-0.008192570335502095
-0.007706675283714143
-0.0072212472277223385
-0.006736292462507085
-0.006251817220908527
-0.005767827673852004
-0.005284329930574932
-0.004801330038857454
-0.004318833985254766
-0.00383684769533248
-0.0033553770339041144
-0.0028744278052710245
-0.0023940057534642917
-0.0019141165624897514
-0.00143476585657403
-0.0009559592004136228
-0.00047770209942550276
0.0
0.00047714171024443525
0.0009537177022047251
0.0014297227050343534
0.0019051515058835773
0.002379998949636849
0.0028542599386496424
0.0033279294324826984
0.0038010024476353636
0.0042734740572771485
0.00474533939097754
0.00521659363443512
0.0056872320292042705
0.006157249872421676
0.006626642516530583
0.00709540536900448
0.007563533892069055
0.008031023602423668
0.008497870070961124
0.008964068922486482
0.009429615835435437
0.009894506541590896
0.010358736825799368
0.010822302525685872
0.01128519953136868
0.011747423785172479
0.012208971281341584
0.01266983806575199
0.013130020235622576
0.013589513939226439
0.014048315375600636
0.014506420794256453
0.014963826494888158
0.015420528827082065
0.01587652419002456
0.016331809032210483
0.01678637985115021
0.017240233193077163
0.017693365652654846
0.018145773872683263
0.018597454543805833
0.019048404404215163
0.019498620239359794
0.01994809888164987
0.020396837210163225
0.020844832150351267
0.021292080673744967
0.021738579797660636
0.022184326584905895
0.02262931814348584
0.023073551626308884
0.02351702423089335
0.023959733199073484
0.024401675816706474
0.024842849413378863
0.025283251362113842
0.025722879079078494
0.026161730023291287
0.026599801696330264
0.0270370916420411
0.02747359744624573
0.027909316736451438
0.028344247181560533
0.02877838649157975
0.0292117324173311
0.029644282750162357
0.030076035321658683
0.03050698800335435
0.03093713870644513
0.03136648538150163
0.031795026018182355
0.0322227586449486
0.032649681328778615
0.03307579217488371
0.0335010893264241
0.03392557096422581
0.03434923530649842
0.034772080608553205
0.03519410516252237
0.03561530729707853
0.036035685377155825
0.03645523780367083
0.036873963013245144
0.037291859477928034
0.03770892570492078
0.03812516023630094
0.03854056164874821
0.03895512855327102
0.03936885959493358
0.039781753452584535
0.0401938088385859
0.04060502449854353
0.041015399211037966
0.0414249317873567
0.041833621071227206
0.042241465938550854
0.04264846529713828
0.04305461808644504
0.04345992327730907
0.04386437987168843
0.04426798690240084
0.04467074343286363
0.045072648556835064
0.04547370139815681
0.045873901110497065
0.0462732468770954
0.046671737910508077
0.04706937345235507
0.047466152773067476
0.04786207517163683
0.04825713997536489
0.048651346539615115
0.049044694247564725
0.04943718250995835
0.04982881076486271
0.05021957847742221
0.05060948513961624
0.0509985302700169
0.05138671341354877
0.05177403414124902
0.052160492050029386
0.05254608676243883
0.052930817926427835
0.0533146852151134
0.05369768832654587
0.05407982698347633
0.05446110093312567
0.0548415099469547
0.05522105382043532
0.05559973237282343
0.05597754544693231
0.05635449290890795
0.056730574648005086
0.05710579057636487
0.057480140628793454
0.05785362476254188
0.05822624295708751
0.05859799521391618
0.05896888155630609
0.059338902029112545
0.059708056698554286
0.060076345652000686
0.06044376899776061
0.06081032686487227
0.061176019402894154
0.061540846781697724
0.061904809191260755
0.0622679068414626
0.06263013996187985
0.0629915088015842
0.0633520136289406
0.06371165473140751
0.06407043241533797
0.0644283470057816
0.06478539884628869
0.06514158829871479
0.06549691574302684
0.06585138157711047
0.06620498621657873
0.06655773009458169
0.06690961366161764
0.06726063738534531
0.06761080175039734
0.06796010725819518
0.06830855442676481
0.06865614379055426
0.06900287590025173
0.06934875132260544
0.06969377064024436
0.07003793445150043
0.07038124337023169
0.07072369802564696
0.07106529906213145
0.07140604713907364
0.07174594293069357
0.07208498712587201
0.07242318042798103
0.07276052355471575
0.0730970172379272
0.0734326622234565
0.0737674592709699
0.07410140915379561
0.07443451265876105
0.07476677058603197
0.07509818374895215
0.07542875297388481
0.07575847910005462
0.0760873629793915
0.0764154054763749
0.07674260746787977
0.0770689698430234
0.07739449350301339
0.07771917936099712
0.07804302834191162
0.07836604138233554
0.07868821943034118
0.07900956344534864
0.07933007439798039
0.07964975326991719
0.07996860105375529
0.0802866187528643
0.08060380738124671
0.08092016796339792
0.08123570153416783
0.08155040913862334
0.08186429183191175
0.0821773506791257
0.08248958675516854
0.08280100114462136
0.08311159494161077
0.08342136924967772
0.08373032518164752
0.08403846385950085
0.08434578641424562
0.08465229398579038
0.08495798772281801
0.08526286878266114
0.08556693833117808
0.08587019754263021
0.0861726475995599
0.08647428969266988
0.08677512502070324
0.08707515479032474
0.08737438021600293
0.0876728025198932
0.08797042293172205
0.08826724268867199
0.08856326303526776
0.08885848522326335
0.08915291051152989
0.08944654016594458
0.08973937545928073
0.09003141767109844
0.09032266808763638
0.09061312800170454
0.09090279871257782
0.09119168152589058
0.09147977775353212
0.091767088713543
0.09205361573001236
0.09233936013297613
0.09262432325831597
0.09290850644765944
0.09319191104828069
0.09347453841300213
0.09375638990009728
0.094037466873194
0.09431777070117896
0.09459730275810274
0.09487606442308597
0.09515405708022612
0.09543128211850531
0.0957077409316989
0.09598343491828473
0.09625836548135364
0.0965325340285202
0.09680594197183483
0.09707859072769631
0.0973504817167654
0.09762161636387905
0.09789199609796542
0.09816162235195992
0.09843049656272168
0.09869862017095118
0.09896599462110824
0.09923262136133118
0.09949850184335648
0.09976363752243936
0.1000280298572749
0.10029168030992014
0.10055459034571691
0.10081676143321514
0.10107819504409722
0.10133889265310289
0.10159885573795499
0.10185808577928573
0.10211658426056396
0.10237435266802282
0.1026313924905884
0.10288770521980897
0.10314329234978473
0.10339815537709858
0.10365229580074739
0.10390571512207386
0.1041584148446993
0.10441039647445688
0.1046616615193256
0.10491221148936504
0.10516204789665036
0.10541117225520862
0.10565958608095515
0.10590729089163087
0.10615428820674
0.10640057954748883
0.1066461664367246
0.10689105039887543
0.10713523295989061
0.10737871564718145
0.10762149998956312
0.10786358751719675
0.10810497976153217
0.1083456782552513
0.10858568453221215
0.10882500012739345
0.10906362657683977
0.10930156541760713
0.1095388181877094
0.10977538642606524
0.11001127167244529
0.11024647546742046
0.11048099935231022
0.1107148448691318
0.11094801356054987
0.11118050696982666
0.11141232664077272
0.11164347411769808
0.11187395094536418
0.1121037586689361
0.11233289883393542
0.11256137298619344
0.11278918267180528
0.11301632943708408
0.11324281482851588
0.11346864039271512
0.11369380767638029
0.11391831822625056
0.11414217358906238
0.11436537531150712
0.1145879249401885
0.11480982402158123
0.11503107410198962
0.11525167672750684
0.1154716334439747
0.11569094579694356
0.11590961533163331
0.11612764359289424
0.11634503212516861
0.11656178247245252
0.1167778961782585
0.11699337478557834
0.11720821983684622
0.11742243287390257
0.11763601543795821
0.11784896906955891
0.11806129530855033
0.1182729956940435
0.11848407176438062
0.11869452505710132
0.11890435710890926
0.11911356945563924
0.11932216363222453
0.11953014117266485
0.1197375036099945
0.1199442524762511
0.1201503893024444
0.12035591561852585
0.12056083295335841
0.12076514283468652
0.12096884678910674
0.12117194634203857
0.12137444301769582
0.12157633833905818
0.1217776338278431
0.12197833100447825
0.1221784313880742
0.12237793649639743
0.12257684784584377
0.12277516695141202
0.12297289532667811
0.1231700344837696
0.1233665859333402
0.12356255118454512
0.12375793174501624
0.12395272912083802
0.12414694481652351
0.12434058033499065
0.12453363717753917
0.12472611684382728
0.12491802083184939
0.1251093506379134
0.12530010775661893
0.12549029368083522
0.1256799099016801
0.12586895790849847
0.12605743918884166
0.1262453552284467
0.12643270751121619
0.1266194975191982
0.12680572673256668
0.12699139662960188
0.12717650868667127
0.12736106437821074
0.127545065176706
0.127728512552674
0.12791140797464537
0.12809375290914604
0.12827554882068026
0.12845679717171296
0.1286374994226529
0.12881765703183592
0.12899727145550838
0.12917634414781107
0.12935487656076297
0.12953287014424578
0.1297103263459882
0.12988724661155074
0.1300636323843108
0.13023948510544775
0.13041480621392845
0.1305895971464929
0.13076385933764023
0.13093759421961482
0.1311108032223926
0.13128348777366763
0.13145564929883918
0.1316272892209984
0.13179840896091594
0.13196900993702898
0.13213909356542938
0.1323086612598513
0.13247771443165943
0.13264625448983716
0.13281428284097527
0.13298180088926045
0.1331488100364645
0.13331531168193325
0.13348130722257584
0.13364679805285434
0.13381178556477355
0.13397627114787064
0.13414025618920555
0.1343037420733509
0.13446673018238287
0.13462922189587143
0.1347912185908715
0.13495272164191374
0.1351137324209959
0.13527425229757403
0.13543428263855412
0.1355938248082838
0.13575288016854417
0.13591145007854183
0.13606953589490123
0.13622713897165697
0.13638426066024625
0.1365409023095018
0.13669706526564454
0.13685275087227672
0.13700796047037514
0.13716269539828435
