0.0
0.000322758013893499
0.000645516027786998
0.0009682740416804969
0.001291032055573996
0.001613790069467495
0.0019365480833609938
0.0022593060972544926
0.002582064111147992
0.0029048221250414907
0.00322758013893499
0.0035503381528284887
0.0038730961667219877
0.004195854180615487
0.004518612194508985
0.004841370208402485
0.005164128222295984
0.005486886236189484
0.005809644250082981
0.006132402263976478
0.006455160277869968
0.006777918291763414
0.007100676305656667
0.007423434319549177
0.007746192333439143
0.00806895034732127
0.008391708361181383
0.008714466374984573
0.009037224388651
0.009359982402009696
0.009682740414715514
0.010005498426107646
0.010328256434979841
0.010651014439223101
0.010973772435291372
0.01129653041743031
0.011619288376599299
0.011942046299008188
0.012264804164183414
0.012587561942473912
0.012910319591905925
0.013233077054297849
0.013555834250551483
0.01387859107504479
0.014201347389062776
0.014524103013217276
0.014846857718822801
0.015169611218213202
0.015492363154002618
0.015815113087313048
0.016137860485009373
0.01646060470600044
0.016783344986681145
0.017106080425605207
0.017428809967491042
0.017751532386673805
0.018074246270124803
0.018396950000165703
0.018719641737008363
0.019042319401252863
0.019364980656475524
0.019687622892036245
0.02001024320623035
0.02033283838990432
0.020655404910647834
0.020977938897666554
0.021300436127431134
0.021622892010188473
0.021945301577411383
0.02226765947025254
0.022589959929058587
0.022912196783989792
0.023234363446781092
0.023556452903670356
0.023878457709510737
0.024200369983075114
0.024522181403552414
0.024843883208227956
0.02516546619133308
0.025486920704042675
0.025808236655593807
0.026129403515493095
0.026450410316776488
0.02677124566028076
0.027091897719883035
0.02741235424866175
0.027732602585930372
0.028052629665093372
0.028372422022272734
0.02869196580565255
0.029011246785488665
0.029330250364730463
0.0296489615902019
0.029967365164289755
0.03028544545708758
0.030603186518945065
0.030920572093373667
0.031237585630260856
0.03155421029934675
0.031870429003918725
0.03218622439468121
0.03250157888375987
0.03281647465880118
0.03313089369713036
0.03344481777993254
0.03375822850642423
0.03407110730798382
0.03438343546221201
0.03469519410689497
0.035006364253844936
0.03531692680259467
0.035626862553924284
0.03593615222320047
0.036244776453510014
0.036552715828571114
0.03685995088540749
0.03716646212677201
0.03747223003330781
0.037777235075436434
0.03808145772496378
0.03838487846639577
0.038687477807957275
0.03898923629230825
0.039290134506953
0.0395901530943385
0.03988927276163957
0.040187474290228814
0.04048473854483066
0.04078104648235897
0.04107637916043915
0.0413707177456156
0.041664043521246405
0.04195633789508758
0.04224758240656974
0.042537758733770324
0.0428268487000853
0.0431148342806042
0.04340169760819311
0.043687420979290216
0.043971986859418916
0.04425537788842377
0.044537576885434686
0.044818566853565014
0.04509833098434924
0.04537685266192616
0.04565411546697384
0.045930103180401825
0.046204799786807464
0.046478189477701985
0.04675025665451287
0.04702098593136853
0.04729036213767174
0.04755837032046779
0.04782499574661377
0.048090223904754974
0.048354040507114476
0.04861643149110209
0.048877383020748524
0.04913688148797061
0.04939491351367347
0.049651465948695316
0.049906525874600496
0.050160080604326224
0.05041211768268863
0.05066262488675303
0.050911590226074215
0.05115900194281123
0.05140484851172199
0.05164911864004254
0.05189180126725559
0.0521328855647531
0.052372360935397225
0.05261021701298431
0.05284644366161585
0.05308103097498094
0.05331396927555386
0.05354524911371119
0.05377486126677179
0.054002796737963744
0.05422904675532149
0.05445360277051703
0.05467645645762816
0.05489759971184731
0.05511702464813388
0.05533472359981347
0.05555068911712657
0.05576491396572979
0.05597739112515231
0.05618811378721038
0.056397075354381994
0.05660426943814484
0.05680968985727927
0.057013330636139135
0.05721518600289227
0.05741525038773308
0.05761351842106907
0.05780998493168342
0.0580046449448754
0.05819749368058054
0.05838852655147223
0.058577739161046555
0.0587651273016918
0.058950686952744295
0.059134414278532145
0.059316305626408106
0.059496357524773114
0.059674566681091626
0.059850929979900304
0.060025444480810874
0.060198107416508606
0.06036891619074736
0.06053786837634231
0.06070496171316131
0.06087019410611586
0.06103356362315262
0.061195068493246345
0.06135470710439499
0.061512478001617854
0.06166837988495754
0.06182241160748635
0.06197457217331783
0.06212486073562422
0.062273276594660226
0.06241981919579389
0.062564488127545
0.06270728311963158
0.06284820404102497
0.06298725089801395
0.06312442383227847
0.06325972311897314
0.06339314916482112
0.06352470250621879
0.06365438380735128
0.06378219385831946
0.06390813357327865
0.06403220398858929
0.06415440626097978
0.06427474166572182
0.06439321159481863
0.06450981755520596
0.06462456116696631
0.06473744416155654
0.06484846838004893
0.06495763577138604
0.06506494839064922
0.06517040839734134
0.06527401805368335
0.06537577972292527
0.06547569586767132
0.06557376904821963
0.06567000192091617
0.0657643972365235
0.065856957838604
0.06594768666191778
0.06603658673083532
0.06612366115776477
0.06620891314159426
0.06629234596614872
0.06637396299866173
0.06645376768826212
0.06653176356447536
0.06660795423573986
0.066682343387938
0.06675493478294206
0.06682573225717486
0.06689473972018507
0.06696196115323755
0.06702740060791798
0.0670910622047525
0.06715295013184175
0.06721306864350955
0.06727142205896619
0.06732801476098592
0.06738285119459925
0.06743593586579924
0.0674872733402623
0.0675368682420831
0.06758472525252385
0.0676308491087773
0.06767524460274423
0.06771791657982446
0.06775886993772202
0.0677981096252641
0.06783564064123349
0.0678714680332149
0.06790559689645484
0.06793803237273477
0.06796877964925777
0.06799784395754865
0.06802523057236698
0.06805094481063348
0.06807499203036936
0.06809737762964864
0.06811810704556333
0.0681371857532013
0.06815461926463699
0.06817041312793454
0.06818457292616344
0.06819710427642674
0.06820801282890127
0.06821730426589032
0.06822498430088836
0.06823105867765765
0.06823553316931698
0.06823841357744202
0.06823970573117764
0.06823941548636155
0.06823754872465977
0.06823411135271344
0.0682291093012968
0.0682225485244867
0.0682144349988431
0.06820477472260053
0.06819357371487078
0.06818083801485617
0.06816657368107375
0.06815078679059013
0.0681334834382668
0.0681146697360161
0.06809435181206733
0.06807253581024347
0.06804922788924773
0.06802443422196043
0.06799816099474588
0.06797041440676901
0.06794120066932204
0.06791052600516057
0.06787839664784968
0.06784481884111924
0.06780979883822882
0.06777334290134196
0.06773545730090949
0.0676961483150625
0.06765542222901377
0.0676132853344688
0.0675697439290451
0.06752480431570103
0.06747847280217262
0.06743075570041959
0.06738165932607969
0.06733118999793138
0.06727935403736514
0.06722615776786293
0.06717160751448582
0.06711570960336982
0.06705847036122971
0.06699989611487076
0.06693999319070842
0.06687876791429573
0.0668162266098584
0.06675237559983761
0.06668722120444018
0.06662076974119638
0.06655302752452498
0.06648400086530562
0.06641369607045844
0.06634211944253078
0.06626927727929105
0.06619517587332936
0.06611982151166534
0.06604322047536249
0.06596537903914956
0.06588630347104833
0.06580600003200823
0.06572447497554734
0.06564173454739985
0.06555778498516993
0.06547263251799192
0.06538628336619665
0.06529874374098409
0.06521001984410194
0.06512011786753025
0.06502904399317205
0.06493680439254984
0.0648434052265079
0.06474885264492021
0.06465315278640428
0.06455631177804028
0.06445833573509607
0.06435923076075736
0.06425900294586351
0.06415765836864848
0.06405520309448724
0.06395164317564729
0.06384698465104528
0.06374123354600884
0.06363439587204336
0.06352647762660366
0.06341748479287074
0.06330742333953315
0.06319629922057332
0.06308411837505846
0.06297088672693629
0.06285661018483508
0.06274129464186862
0.06262494597544528
0.0625075700470818
0.062389172702221225
0.06226975977005532
0.062149337063351115
0.06202791037828173
0.061905485494261246
0.06178206817378384
0.06165766416226675
0.06153227918789735
0.06140591896148417
0.061278589176311675
0.06115029550799894
0.061021043614362204
0.0608908391352809
0.060759687692567635
0.06062759488984153
0.0604945663124054
0.060360607527126166
0.06022572408231904
0.06008992150763488
0.05995320531395114
0.05981558099326594
0.059677054018595604
0.05953762984387539
0.05939731390386332
0.05925611161404728
0.059114028370555155
0.058971069550068034
0.05882724050973652
0.05868254658709976
0.058536993100007775
0.05839058534654637
0.05824332860496495
0.058095228133607325
0.05794628917084502
0.05779651693501347
0.05764591662435086
0.057494493416939546
0.05734225247065019
0.057189198923088304
0.057035337891543476
0.05688067447294099
0.05672521374379585
0.05656896076016941
0.05641192055762803
0.05625409815120451
0.05609549853536135
0.05593612668395676
0.055775987550212396
0.055615086066683715
0.05545342714523227
0.055291015677000045
0.05512785653238624
0.054963954561025666
0.05479931459176946
0.05463394143266763
0.054467839870953744
0.05430101467303133
0.05413347058446229
0.05396521232995708
0.05379624461336698
0.053626572117677726
0.05345619950500534
0.0532851314165934
0.05311337247281228
0.05294092727315967
0.05276780039626332
0.052593996399884865
0.05241951982092554
0.05224437517543336
0.052068566958612
0.05189209964483084
0.05171497768763691
0.051537205519767953
0.051358787553167126
0.051179728178999094
0.0510000317676673
0.050819702668832935
0.05063874521143492
0.050457163703711276
0.05027496243322196
0.0500921456668727
0.04990871765094028
0.04972468261109874
0.04954004475244728
0.04935480825953857
0.04916897729640909
0.04898255600660976
0.04879554851323817
0.048607958918971864
0.048419791306102404
0.0482310497365706
0.04804173825200299
0.047851860873748826
0.0476614216029185
0.047470424420422624
0.04727887328701208
0.04708677214331924
0.046894124909899575
0.04670093548727463
0.04650720775597565
0.046312945576587904
0.046118152789796106
0.04592283321643036
0.04572699065751307
0.04553062889430662
0.04533375168836158
0.04513636278156595
0.04493846589619471
0.0447400647349607
0.04454116298106535
0.04434176429825083
0.04414187233085234
0.04394149070385128
0.04374062302292893
0.043539272874520786
0.04333744382587145
0.04313513942509009
0.04293236320120642
0.04272911866422724
0.04252540930519362
0.04232123859623842
0.04211660999064436
0.04191152692290252
0.04170599280877159
0.041500011045337154
0.04129358501107162
0.041086718065894784
0.0408794135512345
0.04067167479008777
0.04046350508708249
0.040254907728539194
0.040045885982533704
0.03983644309895951
0.03962658230959102
0.03941630682814666
0.039205619850352875
0.03899452455400786
0.038783024099046076
0.0385711216276027
0.03835882026407845
0.03814612311520477
0.037933033270109405
0.03771955380038168
0.03750568776013865
0.0372914381860912
0.037076808097610096
0.03686180049679284
0.03664641836853028
0.03643066468057353
0.03621454238360101
0.03599805441128581
0.03578120368036318
0.035563993090697875
0.035346425525352256
0.0351285038506539
0.034910230916263794
0.034691609555244175
0.03447264258412721
0.03425333280298295
0.03403368299548803
0.0338136959289942
0.03359337435459672
0.03337272100720338
0.033151738605603116
0.03293042985253479
0.03270879743475625
0.03248684402311311
0.032264572272607824
0.03204198482246861
0.03181908429621871
0.031595873301745285
0.031372354431368474
0.031148530261910612
0.030924403354765203
0.030699976255966266
0.030475251496257072
0.030250231591159603
0.030024919041043204
0.029799316331194082
0.02957342593188396
0.029347250298439098
0.029120791871309535
0.02889405307613749
0.02866703632382664
0.0284397440106107
0.0282121785181221
0.027984342213460866
0.027756237449263033
0.027527866563769106
0.02729923188089272
0.02707033571028895
0.02684118034742242
0.026611768073635706
0.026382101156217214
0.026152181848469406
0.025922012389776542
0.025691595005672436
0.02546093190790829
0.025230025294520106
0.02499887734989625
0.024767490244844557
0.024535866136659885
0.02430400716919087
0.02407191547290712
0.023839593164965762
0.023607042349278285
0.023374265116577104
0.023141263544481802
0.022908039697565587
0.022674595627421055
0.02244093337272651
0.022207054959311478
0.02197296240022246
0.021738657695788435
0.021504142833685992
0.021269419789004686
0.021034490524311902
0.02079935698971762
0.020564021122939223
0.020328484849365825
0.020092750082122447
0.019856818722134368
0.019620692658190966
0.0193843737670093
0.019147863913298008
0.018911164949820213
0.018674278717457114
0.01843720704527081
0.018199951750567142
0.017962514638958163
0.01772489750442482
0.017487102129378845
0.017249130284725037
0.017010983729922973
0.016772664213048592
0.016534173470855625
0.01629551322883685
0.016056685201285045
0.015817691091353826
0.015578532591118115
0.01533921138163462
0.015099729133002114
0.01486008750442105
0.014620288144253594
0.014380332690083118
0.01414022276877333
0.013899959996527596
0.013659545978947583
0.013418982311092125
0.013178270577535659
0.012937412352426188
0.012696409199543625
0.012455262672357302
0.01221397431408361
0.011972545657743422
0.011730978226219137
0.0114892735323115
0.011247433078796481
0.011005458358481246
0.010763350854260965
0.010521112039174423
0.010278743376459754
0.010036246319610323
0.009793622312429511
0.009550872789086232
0.00930799917416951
0.00906500288274331
0.008821885320400718
0.008578647883318236
0.008335291958309574
0.008091818922879686
0.007848230145277654
0.00760452698455052
0.007360710790596009
0.007116782904215181
0.00687274465716532
0.006628597372211967
0.006384342363181105
0.0061399809350111065
0.005895514383804063
0.005650943996877614
0.005406271052815666
0.005161496821519632
0.004916622564258987
0.004671649533721746
0.004426578974064764
0.004181412120963675
0.003936150201662686
0.003690794435024192
0.003445346031577957
0.003199806193570295
0.002954176115012887
0.0027084569817314667
0.002462649971414054
0.0022167562536593906
0.0019707769900245715
0.0017247133340730087
0.0014785664314217802
0.0012323374197887632
0.0009860274290400565
0.0007396375812363737
0.0004931689906796747
0.00024662276395968035
